AL, 31, 2013110406,   , ASYM,   0,  61N, 1501E,  40,  993,   ,  34, NEQ,   45,   40,   40,   45, 1013,     ,  35,     ,    ,    ,    ,    ,  0,   1,    HAIYAN  ,   1,    1, 1, 1, 1, 1,     16.1,   12.9,   16.0,   20.5,    0.7570,   0.7731,   0.7699,   0.7730,   0.7776,  42.7778,  42.7778,  42.7778,  42.7778
AL, 31, 2013110412,   , ASYM,   6,  63N, 1487E,  45,  989,   ,  34, NEQ,   50,   45,   45,   50, 1013,     ,  35,     ,    ,    ,    ,    ,  0,   1,    HAIYAN  ,   2,    1, 1, 1, 1, 1,     12.2,   10.2,   11.8,   14.3,    0.8053,   0.8171,   0.8151,   0.8167,   0.8191,  48.3333,  48.3333,  48.3333,  48.3333
AL, 31, 2013110418,   , ASYM,  12,  64N, 1472E,  55,  982,   ,  34, NEQ,   55,   50,   50,   55, 1013,     ,  25,     ,    ,    ,    ,    ,  0,   1,    HAIYAN  ,   3,    2, 1, 1, 1, 1,      9.4,    8.2,    8.9,   10.3,    0.9430,   0.9518,   0.9507,   0.9514,   0.9527,  59.4444,  59.4444,  59.4444,  59.4444
AL, 31, 2013110418,   , ASYM,  12,  64N, 1472E,  55,  982,   ,  50, NEQ,   30,   30,   30,   30, 1013,     ,  25,     ,    ,    ,    ,    ,  0,   1,    HAIYAN  ,   3,    2, 1, 1, 1, 1,     16.1,   15.0,   17.6,   19.4,    0.9430,   0.9581,   0.9571,   0.9596,   0.9612,  59.4444,  59.4444,  59.4444,  59.4444
AL, 31, 2013110500,   , ASYM,  18,  64N, 1457E,  70,  970,   ,  34, NEQ,   55,   50,   50,   55, 1013,     ,  15,     ,    ,    ,    ,    ,  0,   1,    HAIYAN  ,   4,    2, 1, 1, 1, 1,      7.4,    6.5,    6.9,    7.8,    1.1145,   1.1209,   1.1202,   1.1205,   1.1213,  76.1111,  76.1111,  76.1111,  76.1111
AL, 31, 2013110500,   , ASYM,  18,  64N, 1457E,  70,  970,   ,  50, NEQ,   30,   30,   30,   30, 1013,     ,  15,     ,    ,    ,    ,    ,  0,   1,    HAIYAN  ,   4,    2, 1, 1, 1, 1,      8.8,    8.6,    9.1,    9.4,    1.1145,   1.1221,   1.1219,   1.1224,   1.1227,  76.1111,  76.1111,  76.1111,  76.1111
AL, 31, 2013110506,   , ASYM,  24,  65N, 1442E,  75,  967,   ,  34, NEQ,   55,   50,   50,   55, 1013,     ,  15,     ,    ,    ,    ,    ,  0,   1,    HAIYAN  ,   5,    3, 1, 1, 1, 1,      7.5,    6.7,    7.0,    7.9,    1.1995,   1.2061,   1.2053,   1.2056,   1.2064,  81.6667,  81.6667,  81.6667,  81.6667
AL, 31, 2013110506,   , ASYM,  24,  65N, 1442E,  75,  967,   ,  50, NEQ,   30,   30,   30,   30, 1013,     ,  15,     ,    ,    ,    ,    ,  0,   1,    HAIYAN  ,   5,    3, 1, 1, 1, 1,      8.3,    8.1,    8.5,    8.7,    1.1995,   1.2067,   1.2066,   1.2069,   1.2071,  81.6667,  81.6667,  81.6667,  81.6667
AL, 31, 2013110506,   , ASYM,  24,  65N, 1442E,  75,  967,   ,  64, NEQ,   15,   15,   15,   15, 1013,     ,  15,     ,    ,    ,    ,    ,  0,   1,    HAIYAN  ,   5,    3, 1, 1, 1, 1,      7.2,    7.1,    7.7,    7.8,    1.1995,   1.2058,   1.2057,   1.2063,   1.2064,  81.6667,  81.6667,  81.6667,  81.6667
AL, 31, 2013110512,   , ASYM,  30,  69N, 1429E,  90,  956,   ,  34, NEQ,   70,   65,   65,   70, 1013,     ,  15,     ,    ,    ,    ,    ,  0,   1,    HAIYAN  ,   6,    3, 1, 1, 1, 1,      9.8,    8.9,    9.2,   10.1,    1.4034,   1.4123,   1.4115,   1.4118,   1.4126,  98.3333,  98.3333,  98.3333,  98.3333
AL, 31, 2013110512,   , ASYM,  30,  69N, 1429E,  90,  956,   ,  50, NEQ,   45,   40,   40,   45, 1013,     ,  15,     ,    ,    ,    ,    ,  0,   1,    HAIYAN  ,   6,    3, 1, 1, 1, 1,     11.0,    9.6,   10.0,   11.5,    1.4034,   1.4134,   1.4121,   1.4124,   1.4138,  98.3333,  98.3333,  98.3333,  98.3333
AL, 31, 2013110512,   , ASYM,  30,  69N, 1429E,  90,  956,   ,  64, NEQ,   25,   25,   25,   25, 1013,     ,  15,     ,    ,    ,    ,    ,  0,   1,    HAIYAN  ,   6,    3, 1, 1, 1, 1,      9.2,    9.1,    9.4,    9.6,    1.4034,   1.4118,   1.4116,   1.4120,   1.4121,  98.3333,  98.3333,  98.3333,  98.3333
AL, 31, 2013110518,   , ASYM,  36,  71N, 1413E, 110,  941,   ,  34, NEQ,   90,   80,   80,   90, 1013,     ,   7,     ,    ,    ,    ,    ,  0,   1,    HAIYAN  ,   7,    3, 1, 1, 1, 1,     13.8,   12.0,   12.3,   14.1,    1.6700,   1.6824,   1.6808,   1.6810,   1.6827, 120.5556, 120.5556, 120.5556, 120.5556
AL, 31, 2013110518,   , ASYM,  36,  71N, 1413E, 110,  941,   ,  50, NEQ,   45,   45,   45,   45, 1013,     ,   7,     ,    ,    ,    ,    ,  0,   1,    HAIYAN  ,   7,    3, 1, 1, 1, 1,     10.5,   10.4,   10.7,   10.8,    1.6700,   1.6795,   1.6794,   1.6796,   1.6797, 120.5556, 120.5556, 120.5556, 120.5556
AL, 31, 2013110518,   , ASYM,  36,  71N, 1413E, 110,  941,   ,  64, NEQ,   25,   25,   25,   25, 1013,     ,   7,     ,    ,    ,    ,    ,  0,   1,    HAIYAN  ,   7,    3, 1, 1, 1, 1,      8.0,    7.9,    8.1,    8.2,    1.6700,   1.6772,   1.6771,   1.6773,   1.6774, 120.5556, 120.5556, 120.5556, 120.5556
AL, 31, 2013110600,   , ASYM,  42,  73N, 1397E, 130,  926,   ,  34, NEQ,  105,   95,   95,  105, 1013,     ,   7,     ,    ,    ,    ,    ,  0,   1,    HAIYAN  ,   8,    3, 1, 1, 1, 1,     17.7,   15.8,   16.0,   18.0,    1.9385,   1.9546,   1.9528,   1.9530,   1.9548, 142.7778, 142.7778, 142.7778, 142.7778
AL, 31, 2013110600,   , ASYM,  42,  73N, 1397E, 130,  926,   ,  50, NEQ,   65,   65,   65,   65, 1013,     ,   7,     ,    ,    ,    ,    ,  0,   1,    HAIYAN  ,   8,    3, 1, 1, 1, 1,     15.7,   15.6,   15.9,   16.0,    1.9385,   1.9528,   1.9527,   1.9529,   1.9530, 142.7778, 142.7778, 142.7778, 142.7778
AL, 31, 2013110600,   , ASYM,  42,  73N, 1397E, 130,  926,   ,  64, NEQ,   35,   35,   35,   35, 1013,     ,   7,     ,    ,    ,    ,    ,  0,   1,    HAIYAN  ,   8,    3, 1, 1, 1, 1,     10.8,   10.8,   10.9,   11.0,    1.9385,   1.9484,   1.9483,   1.9484,   1.9485, 142.7778, 142.7778, 142.7778, 142.7778
AL, 31, 2013110606,   , ASYM,  48,  76N, 1380E, 135,  922,   ,  34, NEQ,  115,  105,  105,  115, 1013,     ,   7,     ,    ,    ,    ,    ,  0,   1,    HAIYAN  ,   9,    3, 1, 1, 1, 1,     20.0,   18.0,   18.2,   20.2,    2.0003,   2.0191,   2.0172,   2.0174,   2.0193, 148.3333, 148.3333, 148.3333, 148.3333
AL, 31, 2013110606,   , ASYM,  48,  76N, 1380E, 135,  922,   ,  50, NEQ,   65,   65,   65,   65, 1013,     ,   7,     ,    ,    ,    ,    ,  0,   1,    HAIYAN  ,   9,    3, 1, 1, 1, 1,     15.8,   15.7,   16.0,   16.1,    2.0003,   2.0152,   2.0151,   2.0153,   2.0154, 148.3333, 148.3333, 148.3333, 148.3333
AL, 31, 2013110606,   , ASYM,  48,  76N, 1380E, 135,  922,   ,  64, NEQ,   35,   35,   35,   35, 1013,     ,   7,     ,    ,    ,    ,    ,  0,   1,    HAIYAN  ,   9,    3, 1, 1, 1, 1,     10.8,   10.8,   10.9,   11.0,    2.0003,   2.0105,   2.0104,   2.0106,   2.0107, 148.3333, 148.3333, 148.3333, 148.3333
AL, 31, 2013110612,   , ASYM,  54,  79N, 1361E, 150,  911,   ,  34, NEQ,  125,  120,  120,  125, 1013,     ,   7,     ,    ,    ,    ,    ,  0,   1,    HAIYAN  ,  10,    3, 1, 1, 1, 1,     23.5,   22.3,   22.6,   23.7,    2.2082,   2.2309,   2.2298,   2.2300,   2.2311, 165.0000, 165.0000, 165.0000, 165.0000
AL, 31, 2013110612,   , ASYM,  54,  79N, 1361E, 150,  911,   ,  50, NEQ,   75,   75,   75,   75, 1013,     ,   7,     ,    ,    ,    ,    ,  0,   1,    HAIYAN  ,  10,    3, 1, 1, 1, 1,     19.0,   18.9,   19.1,   19.2,    2.2082,   2.2266,   2.2265,   2.2267,   2.2268, 165.0000, 165.0000, 165.0000, 165.0000
AL, 31, 2013110612,   , ASYM,  54,  79N, 1361E, 150,  911,   ,  64, NEQ,   45,   45,   45,   45, 1013,     ,   7,     ,    ,    ,    ,    ,  0,   1,    HAIYAN  ,  10,    3, 1, 1, 1, 1,     14.1,   14.0,   14.2,   14.3,    2.2082,   2.2218,   2.2217,   2.2219,   2.2220, 165.0000, 165.0000, 165.0000, 165.0000
AL, 31, 2013110618,   , ASYM,  60,  82N, 1343E, 155,  907,   ,  34, NEQ,  125,   95,  110,  125, 1013,     ,  12,     ,    ,    ,    ,    ,  0,   1,    HAIYAN  ,  11,    3, 1, 1, 1, 1,     23.9,   17.7,   20.9,   24.2,    2.2704,   2.2942,   2.2880,   2.2912,   2.2945, 170.5556, 170.5556, 170.5556, 170.5556
AL, 31, 2013110618,   , ASYM,  60,  82N, 1343E, 155,  907,   ,  50, NEQ,   60,   55,   50,   65, 1013,     ,  12,     ,    ,    ,    ,    ,  0,   1,    HAIYAN  ,  11,    3, 1, 1, 1, 1,     15.2,   13.8,   12.7,   16.7,    2.2704,   2.2855,   2.2841,   2.2830,   2.2870, 170.5556, 170.5556, 170.5556, 170.5556
AL, 31, 2013110618,   , ASYM,  60,  82N, 1343E, 155,  907,   ,  64, NEQ,   45,   30,   25,   45, 1013,     ,  12,     ,    ,    ,    ,    ,  0,   1,    HAIYAN  ,  11,    3, 1, 1, 1, 1,     14.1,    9.2,    7.8,   14.3,    2.2704,   2.2844,   2.2796,   2.2781,   2.2846, 170.5556, 170.5556, 170.5556, 170.5556
AL, 31, 2013110700,   , ASYM,  66,  87N, 1327E, 155,  907,   ,  34, NEQ,  125,   95,  110,  125, 1013,     ,  15,     ,    ,    ,    ,    ,  0,   1,    HAIYAN  ,  12,    3, 1, 1, 1, 1,     24.1,   17.8,   21.0,   24.3,    2.2704,   2.2958,   2.2891,   2.2926,   2.2961, 170.5556, 170.5556, 170.5556, 170.5556
AL, 31, 2013110700,   , ASYM,  66,  87N, 1327E, 155,  907,   ,  50, NEQ,   60,   55,   50,   65, 1013,     ,  15,     ,    ,    ,    ,    ,  0,   1,    HAIYAN  ,  12,    3, 1, 1, 1, 1,     15.2,   13.8,   12.7,   16.7,    2.2704,   2.2865,   2.2850,   2.2838,   2.2881, 170.5556, 170.5556, 170.5556, 170.5556
AL, 31, 2013110700,   , ASYM,  66,  87N, 1327E, 155,  907,   ,  64, NEQ,   45,   30,   25,   45, 1013,     ,  15,     ,    ,    ,    ,    ,  0,   1,    HAIYAN  ,  12,    3, 1, 1, 1, 1,     14.1,    9.3,    7.8,   14.3,    2.2704,   2.2853,   2.2802,   2.2786,   2.2855, 170.5556, 170.5556, 170.5556, 170.5556
AL, 31, 2013110706,   , ASYM,  72,  94N, 1310E, 160,  903,   ,  34, NEQ,  125,   95,  110,  125, 1013,     ,  17,     ,    ,    ,    ,    ,  0,   1,    HAIYAN  ,  13,    3, 1, 1, 1, 1,     24.7,   18.2,   21.5,   24.9,    2.3327,   2.3607,   2.3533,   2.3571,   2.3610, 176.1111, 176.1111, 176.1111, 176.1111
AL, 31, 2013110706,   , ASYM,  72,  94N, 1310E, 160,  903,   ,  50, NEQ,   60,   55,   50,   65, 1013,     ,  17,     ,    ,    ,    ,    ,  0,   1,    HAIYAN  ,  13,    3, 1, 1, 1, 1,     15.4,   14.0,   12.8,   16.9,    2.3327,   2.3502,   2.3486,   2.3472,   2.3519, 176.1111, 176.1111, 176.1111, 176.1111
AL, 31, 2013110706,   , ASYM,  72,  94N, 1310E, 160,  903,   ,  64, NEQ,   45,   30,   25,   45, 1013,     ,  17,     ,    ,    ,    ,    ,  0,   1,    HAIYAN  ,  13,    3, 1, 1, 1, 1,     14.2,    9.3,    7.8,   14.3,    2.3327,   2.3488,   2.3433,   2.3415,   2.3490, 176.1111, 176.1111, 176.1111, 176.1111
AL, 31, 2013110712,   , ASYM,  78, 102N, 1290E, 170,  895,   ,  34, NEQ,  130,  100,  115,  130, 1013,     ,  17,     ,    ,    ,    ,    ,  0,   1,    HAIYAN  ,  14,    3, 1, 1, 1, 1,     26.8,   20.0,   23.5,   27.1,    2.4575,   2.4903,   2.4820,   2.4863,   2.4906, 187.2222, 187.2222, 187.2222, 187.2222
AL, 31, 2013110712,   , ASYM,  78, 102N, 1290E, 170,  895,   ,  50, NEQ,   65,   60,   55,   70, 1013,     ,  17,     ,    ,    ,    ,    ,  0,   1,    HAIYAN  ,  14,    3, 1, 1, 1, 1,     17.1,   15.7,   14.4,   18.7,    2.4575,   2.4784,   2.4767,   2.4752,   2.4803, 187.2222, 187.2222, 187.2222, 187.2222
AL, 31, 2013110712,   , ASYM,  78, 102N, 1290E, 170,  895,   ,  64, NEQ,   50,   35,   30,   50, 1013,     ,  17,     ,    ,    ,    ,    ,  0,   1,    HAIYAN  ,  14,    3, 1, 1, 1, 1,     15.9,   11.0,    9.5,   16.1,    2.4575,   2.4770,   2.4710,   2.4691,   2.4772, 187.2222, 187.2222, 187.2222, 187.2222
AL, 31, 2013110718,   , ASYM,  84, 106N, 1269E, 170,  895,   ,  34, NEQ,  130,  115,  120,  130, 1013,     ,  17,     ,    ,    ,    ,    ,  0,   1,    HAIYAN  ,  15,    3, 1, 1, 1, 1,     27.0,   23.4,   24.8,   27.2,    2.4575,   2.4918,   2.4873,   2.4890,   2.4921, 187.2222, 187.2222, 187.2222, 187.2222
AL, 31, 2013110718,   , ASYM,  84, 106N, 1269E, 170,  895,   ,  50, NEQ,   65,   60,   60,   70, 1013,     ,  17,     ,    ,    ,    ,    ,  0,   1,    HAIYAN  ,  15,    3, 1, 1, 1, 1,     17.1,   15.7,   15.8,   18.7,    2.4575,   2.4793,   2.4775,   2.4776,   2.4813, 187.2222, 187.2222, 187.2222, 187.2222
AL, 31, 2013110718,   , ASYM,  84, 106N, 1269E, 170,  895,   ,  64, NEQ,   50,   45,   40,   50, 1013,     ,  17,     ,    ,    ,    ,    ,  0,   1,    HAIYAN  ,  15,    3, 1, 1, 1, 1,     16.0,   14.3,   12.8,   16.1,    2.4575,   2.4778,   2.4756,   2.4737,   2.4780, 187.2222, 187.2222, 187.2222, 187.2222
AL, 31, 2013110800,   , ASYM,  90, 110N, 1247E, 165,  899,   ,  34, NEQ,  130,  115,  120,  130, 1013,     ,  15,     ,    ,    ,    ,    ,  0,   1,    HAIYAN  ,  16,    3, 1, 1, 1, 1,     26.7,   23.2,   24.5,   26.9,    2.3951,   2.4303,   2.4257,   2.4274,   2.4306, 181.6667, 181.6667, 181.6667, 181.6667
AL, 31, 2013110800,   , ASYM,  90, 110N, 1247E, 165,  899,   ,  50, NEQ,   65,   60,   60,   70, 1013,     ,  15,     ,    ,    ,    ,    ,  0,   1,    HAIYAN  ,  16,    3, 1, 1, 1, 1,     17.0,   15.6,   15.7,   18.6,    2.3951,   2.4176,   2.4156,   2.4158,   2.4196, 181.6667, 181.6667, 181.6667, 181.6667
AL, 31, 2013110800,   , ASYM,  90, 110N, 1247E, 165,  899,   ,  64, NEQ,   50,   45,   40,   50, 1013,     ,  15,     ,    ,    ,    ,    ,  0,   1,    HAIYAN  ,  16,    3, 1, 1, 1, 1,     15.9,   14.2,   12.7,   16.1,    2.3951,   2.4161,   2.4139,   2.4119,   2.4163, 181.6667, 181.6667, 181.6667, 181.6667
AL, 31, 2013110806,   , ASYM,  96, 114N, 1225E, 145,  914,   ,  34, NEQ,  130,  115,  120,  130, 1013,     ,  10,     ,    ,    ,    ,    ,  0,   1,    HAIYAN  ,  17,    3, 1, 1, 1, 1,     24.8,   21.5,   22.8,   25.1,    2.1245,   2.1588,   2.1542,   2.1560,   2.1592, 159.4444, 159.4444, 159.4444, 159.4444
AL, 31, 2013110806,   , ASYM,  96, 114N, 1225E, 145,  914,   ,  50, NEQ,   65,   60,   60,   70, 1013,     ,  10,     ,    ,    ,    ,    ,  0,   1,    HAIYAN  ,  17,    3, 1, 1, 1, 1,     16.3,   14.9,   15.1,   17.9,    2.1245,   2.1471,   2.1451,   2.1454,   2.1493, 159.4444, 159.4444, 159.4444, 159.4444
AL, 31, 2013110806,   , ASYM,  96, 114N, 1225E, 145,  914,   ,  64, NEQ,   50,   45,   40,   50, 1013,     ,  10,     ,    ,    ,    ,    ,  0,   1,    HAIYAN  ,  17,    3, 1, 1, 1, 1,     15.7,   14.0,   12.6,   15.9,    2.1245,   2.1462,   2.1439,   2.1419,   2.1465, 159.4444, 159.4444, 159.4444, 159.4444
AL, 31, 2013110812,   , ASYM, 102, 118N, 1204E, 130,  926,   ,  34, NEQ,  130,  115,  120,  130, 1013,     ,  15,     ,    ,    ,    ,    ,  0,   1,    HAIYAN  ,  18,    3, 1, 1, 1, 1,     23.9,   20.6,   21.9,   24.2,    1.9385,   1.9734,   1.9686,   1.9706,   1.9739, 142.7778, 142.7778, 142.7778, 142.7778
AL, 31, 2013110812,   , ASYM, 102, 118N, 1204E, 130,  926,   ,  50, NEQ,   65,   60,   60,   70, 1013,     ,  15,     ,    ,    ,    ,    ,  0,   1,    HAIYAN  ,  18,    3, 1, 1, 1, 1,     16.2,   14.7,   15.0,   17.8,    1.9385,   1.9621,   1.9600,   1.9604,   1.9645, 142.7778, 142.7778, 142.7778, 142.7778
AL, 31, 2013110812,   , ASYM, 102, 118N, 1204E, 130,  926,   ,  64, NEQ,   50,   45,   40,   50, 1013,     ,  15,     ,    ,    ,    ,    ,  0,   1,    HAIYAN  ,  18,    3, 1, 1, 1, 1,     16.0,   14.2,   12.8,   16.2,    1.9385,   1.9618,   1.9592,   1.9572,   1.9622, 142.7778, 142.7778, 142.7778, 142.7778
AL, 31, 2013110818,   , ASYM, 108, 124N, 1179E, 120,  933,   ,  34, NEQ,  130,  120,  120,  130, 1013,     ,  10,     ,    ,    ,    ,    ,  0,   1,    HAIYAN  ,  19,    3, 1, 1, 1, 1,     23.0,   20.8,   21.1,   23.4,    1.7928,   1.8282,   1.8248,   1.8253,   1.8288, 131.6667, 131.6667, 131.6667, 131.6667
AL, 31, 2013110818,   , ASYM, 108, 124N, 1179E, 120,  933,   ,  50, NEQ,   65,   65,   65,   65, 1013,     ,  10,     ,    ,    ,    ,    ,  0,   1,    HAIYAN  ,  19,    3, 1, 1, 1, 1,     16.0,   15.8,   16.1,   16.2,    1.7928,   1.8173,   1.8171,   1.8176,   1.8178, 131.6667, 131.6667, 131.6667, 131.6667
AL, 31, 2013110818,   , ASYM, 108, 124N, 1179E, 120,  933,   ,  64, NEQ,   40,   40,   40,   40, 1013,     ,  10,     ,    ,    ,    ,    ,  0,   1,    HAIYAN  ,  19,    3, 1, 1, 1, 1,     12.8,   12.7,   12.9,   13.0,    1.7928,   1.8124,   1.8123,   1.8126,   1.8128, 131.6667, 131.6667, 131.6667, 131.6667
AL, 31, 2013110900,   , ASYM, 114, 126N, 1162E, 115,  937,   ,  34, NEQ,  130,  120,  120,  130, 1013,     ,  15,     ,    ,    ,    ,    ,  0,   1,    HAIYAN  ,  20,    3, 1, 1, 1, 1,     22.8,   20.6,   21.0,   23.3,    1.7313,   1.7673,   1.7638,   1.7643,   1.7679, 126.1111, 126.1111, 126.1111, 126.1111
AL, 31, 2013110900,   , ASYM, 114, 126N, 1162E, 115,  937,   ,  50, NEQ,   70,   70,   70,   70, 1013,     ,  15,     ,    ,    ,    ,    ,  0,   1,    HAIYAN  ,  20,    3, 1, 1, 1, 1,     17.4,   17.2,   17.6,   17.7,    1.7313,   1.7586,   1.7584,   1.7589,   1.7592, 126.1111, 126.1111, 126.1111, 126.1111
AL, 31, 2013110900,   , ASYM, 114, 126N, 1162E, 115,  937,   ,  64, NEQ,   45,   45,   45,   45, 1013,     ,  15,     ,    ,    ,    ,    ,  0,   1,    HAIYAN  ,  20,    3, 1, 1, 1, 1,     14.7,   14.5,   14.9,   15.0,    1.7313,   1.7544,   1.7542,   1.7547,   1.7549, 126.1111, 126.1111, 126.1111, 126.1111
AL, 31, 2013110906,   , ASYM, 120, 134N, 1146E, 105,  944,   ,  34, NEQ,  130,  120,  120,  130, 1013,     ,  15,     ,    ,    ,    ,    ,  0,   1,    HAIYAN  ,  21,    3, 1, 1, 1, 1,     22.2,   20.0,   20.4,   22.7,    1.5857,   1.6231,   1.6193,   1.6201,   1.6239, 115.0000, 115.0000, 115.0000, 115.0000
AL, 31, 2013110906,   , ASYM, 120, 134N, 1146E, 105,  944,   ,  50, NEQ,   70,   70,   70,   70, 1013,     ,  15,     ,    ,    ,    ,    ,  0,   1,    HAIYAN  ,  21,    3, 1, 1, 1, 1,     17.4,   17.2,   17.7,   17.9,    1.5857,   1.6150,   1.6147,   1.6154,   1.6158, 115.0000, 115.0000, 115.0000, 115.0000
AL, 31, 2013110906,   , ASYM, 120, 134N, 1146E, 105,  944,   ,  64, NEQ,   45,   45,   45,   45, 1013,     ,  15,     ,    ,    ,    ,    ,  0,   1,    HAIYAN  ,  21,    3, 1, 1, 1, 1,     15.2,   15.0,   15.4,   15.6,    1.5857,   1.6113,   1.6110,   1.6117,   1.6120, 115.0000, 115.0000, 115.0000, 115.0000
AL, 31, 2013110912,   , ASYM, 126, 145N, 1131E, 100,  948,   ,  34, NEQ,  120,  110,  110,  120, 1013,     ,  15,     ,    ,    ,    ,    ,  0,   1,    HAIYAN  ,  22,    3, 1, 1, 1, 1,     20.4,   18.2,   18.6,   20.9,    1.5246,   1.5622,   1.5580,   1.5588,   1.5631, 109.4444, 109.4444, 109.4444, 109.4444
AL, 31, 2013110912,   , ASYM, 126, 145N, 1131E, 100,  948,   ,  50, NEQ,   60,   60,   60,   60, 1013,     ,  15,     ,    ,    ,    ,    ,  0,   1,    HAIYAN  ,  22,    3, 1, 1, 1, 1,     15.1,   14.9,   15.3,   15.5,    1.5246,   1.5523,   1.5519,   1.5527,   1.5530, 109.4444, 109.4444, 109.4444, 109.4444
AL, 31, 2013110912,   , ASYM, 126, 145N, 1131E, 100,  948,   ,  64, NEQ,   35,   35,   35,   35, 1013,     ,  15,     ,    ,    ,    ,    ,  0,   1,    HAIYAN  ,  22,    3, 1, 1, 1, 1,     12.1,   12.0,   12.3,   12.5,    1.5246,   1.5469,   1.5466,   1.5472,   1.5476, 109.4444, 109.4444, 109.4444, 109.4444
AL, 31, 2013110918,   , ASYM, 132, 155N, 1115E,  95,  952,   ,  34, NEQ,  120,  110,  110,  120, 1013,     ,  10,     ,    ,    ,    ,    ,  0,   1,    HAIYAN  ,  23,    3, 1, 1, 1, 1,     20.8,   18.5,   18.9,   21.3,    1.4638,   1.5051,   1.5005,   1.5014,   1.5062, 103.8889, 103.8889, 103.8889, 103.8889
AL, 31, 2013110918,   , ASYM, 132, 155N, 1115E,  95,  952,   ,  50, NEQ,   60,   60,   60,   60, 1013,     ,  10,     ,    ,    ,    ,    ,  0,   1,    HAIYAN  ,  23,    3, 1, 1, 1, 1,     15.5,   15.3,   15.8,   16.0,    1.4638,   1.4946,   1.4942,   1.4951,   1.4955, 103.8889, 103.8889, 103.8889, 103.8889
AL, 31, 2013110918,   , ASYM, 132, 155N, 1115E,  95,  952,   ,  64, NEQ,   35,   35,   35,   35, 1013,     ,  10,     ,    ,    ,    ,    ,  0,   1,    HAIYAN  ,  23,    3, 1, 1, 1, 1,     12.7,   12.5,   13.0,   13.2,    1.4638,   1.4890,   1.4886,   1.4895,   1.4899, 103.8889, 103.8889, 103.8889, 103.8889
AL, 31, 2013111000,   , ASYM, 138, 165N, 1101E,  90,  956,   ,  34, NEQ,  120,  110,  110,  120, 1013,     ,  15,     ,    ,    ,    ,    ,  0,   1,    HAIYAN  ,  24,    3, 1, 1, 1, 1,     21.3,   18.8,   19.4,   21.9,    1.4034,   1.4490,   1.4438,   1.4449,   1.4503,  98.3333,  98.3333,  98.3333,  98.3333
AL, 31, 2013111000,   , ASYM, 138, 165N, 1101E,  90,  956,   ,  50, NEQ,   60,   60,   60,   60, 1013,     ,  15,     ,    ,    ,    ,    ,  0,   1,    HAIYAN  ,  24,    3, 1, 1, 1, 1,     16.1,   15.9,   16.4,   16.7,    1.4034,   1.4379,   1.4374,   1.4385,   1.4391,  98.3333,  98.3333,  98.3333,  98.3333
AL, 31, 2013111000,   , ASYM, 138, 165N, 1101E,  90,  956,   ,  64, NEQ,   35,   35,   35,   35, 1013,     ,  15,     ,    ,    ,    ,    ,  0,   1,    HAIYAN  ,  24,    3, 1, 1, 1, 1,     13.5,   13.3,   13.8,   14.1,    1.4034,   1.4323,   1.4318,   1.4329,   1.4335,  98.3333,  98.3333,  98.3333,  98.3333
AL, 31, 2013111006,   , ASYM, 144, 179N, 1092E,  80,  963,   ,  34, NEQ,  120,  110,  110,  120, 1013,     ,  15,     ,    ,    ,    ,    ,  0,   1,    HAIYAN  ,  25,    3, 1, 1, 1, 1,     21.9,   19.2,   19.9,   22.6,    1.2588,   1.3102,   1.3040,   1.3056,   1.3121,  87.2222,  87.2222,  87.2222,  87.2222
AL, 31, 2013111006,   , ASYM, 144, 179N, 1092E,  80,  963,   ,  50, NEQ,   60,   60,   60,   60, 1013,     ,  15,     ,    ,    ,    ,    ,  0,   1,    HAIYAN  ,  25,    3, 1, 1, 1, 1,     17.5,   17.1,   17.9,   18.3,    1.2588,   1.2998,   1.2990,   1.3008,   1.3017,  87.2222,  87.2222,  87.2222,  87.2222
AL, 31, 2013111006,   , ASYM, 144, 179N, 1092E,  80,  963,   ,  64, NEQ,   35,   35,   35,   35, 1013,     ,  15,     ,    ,    ,    ,    ,  0,   1,    HAIYAN  ,  25,    3, 1, 1, 1, 1,     15.8,   15.4,   16.3,   16.7,    1.2588,   1.2959,   1.2950,   1.2970,   1.2981,  87.2222,  87.2222,  87.2222,  87.2222
AL, 31, 2013111012,   , ASYM, 150, 193N, 1080E,  80,  963,   ,  34, NEQ,  110,  100,  100,  110, 1013,     ,  20,     ,    ,    ,    ,    ,  0,   1,    HAIYAN  ,  26,    3, 1, 1, 1, 1,     19.9,   17.3,   18.0,   20.7,    1.2588,   1.3093,   1.3026,   1.3042,   1.3111,  87.2222,  87.2222,  87.2222,  87.2222
AL, 31, 2013111012,   , ASYM, 150, 193N, 1080E,  80,  963,   ,  50, NEQ,   50,   50,   50,   50, 1013,     ,  20,     ,    ,    ,    ,    ,  0,   1,    HAIYAN  ,  26,    3, 1, 1, 1, 1,     14.4,   14.1,   14.7,   15.0,    1.2588,   1.2950,   1.2943,   1.2959,   1.2967,  87.2222,  87.2222,  87.2222,  87.2222
AL, 31, 2013111012,   , ASYM, 156, 193N, 1080E,  80,  963,   ,  64, NEQ,   25,   25,   25,   25, 1013,     ,  20,     ,    ,    ,    ,    ,  0,   1,    HAIYAN  ,  26,    3, 1, 1, 1, 1,     11.1,   10.8,   11.5,   11.8,    1.2588,   1.2868,   1.2861,   1.2877,   1.2885,  87.2222,  87.2222,  87.2222,  87.2222
AL, 31, 2013111018,   , ASYM, 156, 205N, 1074E,  70,  970,   ,  34, NEQ,  110,  100,  100,  110, 1013,     ,  20,     ,    ,    ,    ,    ,  0,   1,    HAIYAN  ,  27,    2, 1, 1, 1, 1,     21.3,   18.3,   19.2,   22.3,    1.1145,   1.1728,   1.1646,   1.1671,   1.1757,  76.1111,  76.1111,  76.1111,  76.1111
AL, 31, 2013111018,   , ASYM, 156, 205N, 1074E,  70,  970,   ,  50, NEQ,   50,   50,   50,   50, 1013,     ,  20,     ,    ,    ,    ,    ,  0,   1,    HAIYAN  ,  27,    2, 1, 1, 1, 1,     16.7,   16.2,   17.2,   17.7,    1.1145,   1.1600,   1.1588,   1.1616,   1.1630,  76.1111,  76.1111,  76.1111,  76.1111
AL, 31, 2013111100,   , ASYM, 162, 218N, 1073E,  60,  978,   ,  34, NEQ,  110,  100,  100,  110, 1013,     ,  30,     ,    ,    ,    ,    ,  0,   1,    HAIYAN  ,  28,    2, 1, 1, 1, 1,     25.6,   21.8,   23.2,   27.3,    0.9987,   1.0777,   1.0657,   1.0702,   1.0830,  65.0000,  65.0000,  65.0000,  65.0000
AL, 31, 2013111100,   , ASYM, 162, 218N, 1073E,  60,  978,   ,  50, NEQ,   50,   50,   50,   50, 1013,     ,  30,     ,    ,    ,    ,    ,  0,   1,    HAIYAN  ,  28,    2, 1, 1, 1, 1,     22.9,   21.9,   24.1,   25.3,    0.9987,   1.0691,   1.0661,   1.0729,   1.0766,  65.0000,  65.0000,  65.0000,  65.0000
AL, 31, 2013111106,   , ASYM, 168, 232N, 1079E,  45,  989,   ,  34, NEQ,   55,   50,   50,   55, 1013,     ,  30,     ,    ,    ,    ,    ,  0,   1,    HAIYAN  ,  29,    1, 1, 1, 1, 1,     17.2,   14.4,   16.4,   19.8,    0.8053,   0.8672,   0.8567,   0.8641,   0.8766,  48.3333,  48.3333,  48.3333,  48.3333
